[gd_scene load_steps=4 format=2]

[ext_resource path="res://entities/Car.gd" type="Script" id=1]
[ext_resource path="res://models/car.glb" type="PackedScene" id=2]

[sub_resource type="ConvexPolygonShape" id=2]
points = PoolVector3Array( -1, 0.5, 2.5, 1, 0.5, -2.5, 1, 0.5, 2.5, -1, 0.5, -2.5, -1, -0.5, 2.5, 1, -0.5, -2.5, 1, -0.5, 2.5, -1, -0.5, -2.5, 1, 0.5, 2.5, -1, 0.5, -2.5, 1, 0.5, -2.5, -1, 0.5, 2.5, 1, -0.5, 2.5, -1, -0.5, -2.5, 1, -0.5, -2.5, -1, -0.5, 2.5, 1, 0.5, 2.5, -1, -0.5, 2.5, -1, 0.5, 2.5, 1, -0.5, 2.5, 1, 0.5, -2.5, -1, -0.5, -2.5, -1, 0.5, -2.5, 1, -0.5, -2.5 )

[node name="Car" type="KinematicBody" groups=[
"interactWithHit",
]]
script = ExtResource( 1 )

[node name="CollisionShape" type="CollisionShape" parent="."]
transform = Transform( 1, 0, 0, 0, 1.62754, 0, 0, 0, 1, 0, 0.869007, 0 )
shape = SubResource( 2 )

[node name="Camera" type="Camera" parent="."]
transform = Transform( 1, 0, 0, 0, 0.927184, 0.374607, 0, -0.374607, 0.927184, 0, 3, 6 )
far = 200.0

[node name="car" parent="." instance=ExtResource( 2 )]
transform = Transform( 1, 0, 0, 0, 1, 0, 0, 0, 1, 0, 0.71389, 0 )

[node name="pivit" type="Spatial" parent="."]

[node name="FrontRay" type="RayCast" parent="pivit"]
transform = Transform( 1, 0, 0, 0, 1, 0, 0, 0, 1, 0, 0.127219, -1.46349 )
enabled = true
cast_to = Vector3( 0, -0.4, 0 )

[node name="RearRay" type="RayCast" parent="pivit"]
transform = Transform( 1, 0, 0, 0, 1, 0, 0, 0, 1, 0, 0.135205, 1.84386 )
enabled = true
cast_to = Vector3( 0, -0.4, 0 )

[node name="aiCheck" type="Spatial" parent="."]

[node name="right" type="RayCast" parent="aiCheck"]
transform = Transform( 0.766045, 0, 0.642788, 0, 1, 0, -0.642788, 0, 0.766045, 0.670537, 0.58497, -2.30547 )
enabled = true
cast_to = Vector3( 3, 0, 0 )

[node name="left" type="RayCast" parent="aiCheck"]
transform = Transform( -0.766045, 0, 0.642788, 0, 1, 0, -0.642788, 0, -0.766045, -0.756718, 0.58497, -2.30547 )
enabled = true
cast_to = Vector3( 3, 0, 0 )

[node name="Node" type="Node" parent="."]
